event
AI 360 Advanced Powered Learning
AI Revolutionizing Education Principal Conclave
